183 1474
0 0 0.09021985017159143
0 0 0.09021985017159143
0 48 0.7211273471332261
48 0 0.01128735638350522
0 52 0.09021985017159145
52 0 0.0902198501715914
0 146 0.09843295252359206
146 0 0.08269203713089403
1 1 0.09021985017159143
1 1 0.09021985017159143
1 22 0.4108831130598218
22 1 0.019810065457227324
1 58 0.4988970367685846
58 1 0.01631523293404527
2 2 0.09021985017159143
2 2 0.09021985017159143
2 38 0.9097801498284022
38 2 0.008946800352282534
3 3 0.09021985017159143
3 3 0.09021985017159143
3 12 0.02073117049346481
12 3 0.3926271971739511
3 48 0.8890489793349453
48 3 0.009155425127503395
4 4 0.09021985017159143
4 4 0.09021985017159143
4 48 0.90978014982841
48 4 0.008946800352282456
5 5 0.09021985017159141
5 5 0.09021985017159141
5 31 0.348103804810966
31 5 0.023382741735341096
5 74 0.5425978842449904
74 5 0.015001203656203816
5 147 0.019078460772464105
147 5 0.426639311318673
6 6 0.09021985017159143
6 6 0.09021985017159143
6 50 0.019240536799047483
50 6 0.42304544046751147
6 61 0.08325481977965783
61 6 0.09776756933144198
6 75 0.17300080167647178
75 6 0.047049616453259474
6 132 0.5304815903386859
132 6 0.01534383381671674
6 168 0.10380240123454619
168 6 0.07841457681304081
7 7 0.09021985017159143
7 7 0.09021985017159143
7 177 0.9008333494761257
177 7 0.009035657227519334
7 182 0.008946800352282394
182 7 0.9097801498284164
8 8 0.09021985017159143
8 8 0.09021985017159143
8 175 0.9097801498284092
175 8 0.008946800352282465
9 9 0.09021985017159143
9 9 0.09021985017159143
9 31 0.10392193822801556
31 9 0.07832437985447527
9 74 0.16198565781198693
74 9 0.05024902497498809
9 94 0.31122727860063715
94 9 0.02615330314740522
9 152 0.30374760992825606
152 9 0.026797318230444515
9 166 0.02889766525951774
166 9 0.2816705533781328
10 10 0.09021985017159143
10 10 0.09021985017159143
10 48 0.7837342562748412
48 10 0.010385690429907647
10 58 0.126045893553569
58 10 0.06457664851671745
11 11 0.09021985017159143
11 11 0.09021985017159143
11 48 0.9097801498284105
48 11 0.008946800352282453
12 3 0.3926271971739511
3 12 0.02073117049346481
12 12 0.09021985017159143
12 12 0.09021985017159143
12 60 0.10224501920924181
60 12 0.07960897682777952
12 68 0.40596113309293486
68 12 0.020050247921445812
12 97 0.008946800352282257
97 12 0.9097801498284303
13 13 0.09021985017159143
13 13 0.09021985017159143
13 48 0.9097801498284097
48 13 0.00894680035228246
14 14 0.09021985017159143
14 14 0.09021985017159143
14 56 0.4097778171559356
56 14 0.019863499253028084
14 61 0.06529200208164516
61 14 0.1246649069637368
14 85 0.40399141444957604
85 14 0.020148005808673805
14 153 0.03071891614125081
153 14 0.26497098164391736
15 15 0.09021985017159143
15 15 0.09021985017159143
15 41 0.09357056594788461
41 15 0.08698912187319542
15 48 0.8162095838805254
48 15 0.009972464824887258
16 16 0.09021985017159143
16 16 0.09021985017159143
16 39 0.008946800352282474
39 16 0.9097801498284084
16 48 0.8918865491238446
48 16 0.00912629680644972
16 125 0.008946800352282451
125 16 0.9097801498284107
17 17 0.09021985017159143
17 17 0.09021985017159143
17 48 0.8112565486947474
48 17 0.010033350581983545
17 172 0.09852360113366242
172 17 0.08261595466797603
18 18 0.09021985017159143
18 18 0.09021985017159143
18 156 0.8065441089449763
156 18 0.010091972992812106
18 173 0.10323604088344739
173 18 0.07884476482562877
19 19 0.09021985017159143
19 19 0.09021985017159143
19 48 0.9008333494761275
48 19 0.009035657227519315
19 138 0.008946800352282463
138 19 0.9097801498284092
20 20 0.09021985017159143
20 20 0.09021985017159143
20 48 0.9097801498284095
48 20 0.008946800352282461
21 21 0.09021985017159143
21 21 0.09021985017159143
21 48 0.8966819442973447
48 21 0.009077489980421934
21 156 0.013098205531065417
156 21 0.6214302673507004
22 1 0.019810065457227324
1 22 0.4108831130598218
22 22 0.09021985017159143
22 22 0.09021985017159143
22 35 0.008946800352282512
35 22 0.9097801498284043
22 48 0.6811376111231287
48 22 0.011950039510463932
22 112 0.07870873936464516
112 22 0.10341445474402562
22 126 0.009035657227519374
126 22 0.9008333494761217
22 127 0.022344241332580533
127 22 0.3642827359332124
22 130 0.07649293579319605
130 22 0.10641010546373113
22 144 0.0133040991778302
144 22 0.6118130401905134
23 23 0.09021985017159143
23 23 0.09021985017159143
23 48 0.8818611100587294
48 23 0.009230049122409231
23 62 0.00894680035228249
62 23 0.9097801498284067
23 84 0.01897223941739715
84 23 0.42902797007297633
24 24 0.09021985017159141
24 24 0.09021985017159141
24 48 0.9097801498284088
48 24 0.008946800352282467
25 25 0.09021985017159143
25 25 0.09021985017159143
25 72 0.9097801498284128
72 25 0.008946800352282428
26 26 0.09021985017159141
26 26 0.09021985017159141
26 49 0.0910343160222491
49 26 0.08941267118429333
26 58 0.7270459557183263
58 26 0.01119547024636483
26 161 0.09169987808783285
161 26 0.08876370977492505
27 27 0.09021985017159143
27 27 0.09021985017159143
27 30 0.01540150518930612
30 27 0.5284951869922474
27 48 0.8943786446391031
48 27 0.009100867304662535
28 28 0.09021985017159143
28 28 0.09021985017159143
28 29 0.07767951769349392
29 28 0.10478465375005981
28 33 0.08032105398584313
33 28 0.10133857763394193
28 48 0.6931031448386417
48 28 0.011743737458988669
28 75 0.0252512772249043
75 28 0.3223449369506201
28 103 0.011450884936126057
103 28 0.7108290241660674
28 134 0.02197427114940069
134 28 0.37041598830031724
29 28 0.10478465375005981
28 29 0.07767951769349392
29 29 0.09021985017159143
29 29 0.09021985017159143
29 48 0.8049954960783497
48 29 0.010111387460722116
30 27 0.5284951869922474
27 30 0.01540150518930612
30 30 0.09021985017159144
30 30 0.09021985017159144
30 80 0.061596989286239544
80 30 0.13214316899742948
30 104 0.061596989286239585
104 30 0.1321431689974294
30 113 0.07670163224194286
113 30 0.10612057562620429
30 150 0.17159361878917972
150 30 0.04743545489873235
30 173 0.009795733232563176
173 30 0.8309353850027796
31 5 0.023382741735341096
5 31 0.348103804810966
31 9 0.07832437985447527
9 31 0.10392193822801556
31 31 0.09021985017159143
31 31 0.09021985017159143
31 64 0.28841391875195027
64 31 0.02822201300203153
31 74 0.140627879222949
74 31 0.057880566854599226
31 101 0.02541246515619207
101 31 0.3203003453209294
31 122 0.026479410473804553
122 31 0.307394357326676
31 128 0.03750236030533586
128 31 0.21704290873196838
31 174 0.28963699432835677
174 31 0.02810283742882875
32 32 0.09021985017159143
32 32 0.09021985017159143
32 48 0.9007444926008908
48 32 0.009036548579366085
32 154 0.009035657227519329
154 32 0.9008333494761261
33 28 0.10133857763394193
28 33 0.08032105398584313
33 33 0.09021985017159143
33 33 0.09021985017159143
33 48 0.7785214309043119
48 33 0.010455230956878881
33 141 0.00903565722751929
141 33 0.90083334947613
33 159 0.020884484062636304
159 33 0.38974491017217494
34 34 0.09021985017159143
34 34 0.09021985017159143
34 41 0.9097801498284073
41 34 0.008946800352282484
35 22 0.9097801498284043
22 35 0.008946800352282512
35 35 0.09021985017159141
35 35 0.09021985017159141
36 36 0.09021985017159141
36 36 0.09021985017159141
36 48 0.6939132621269284
48 36 0.011730027093062723
36 58 0.11160022223500754
58 36 0.07293553007308538
36 106 0.08015129484243269
106 36 0.10155321109890827
36 135 0.024115370624040355
135 36 0.33752835450391555
37 37 0.09021985017159141
37 37 0.09021985017159141
37 48 0.9097801498284098
48 37 0.008946800352282458
38 2 0.008946800352282534
2 38 0.9097801498284022
38 38 0.09021985017159143
38 38 0.09021985017159143
38 48 0.7696731164055791
48 38 0.010575426361514274
38 113 0.011268096760032922
113 38 0.7223599103137825
38 181 0.11989213631051558
181 38 0.06789120300520068
39 16 0.9097801498284084
16 39 0.008946800352282474
39 39 0.09021985017159143
39 39 0.09021985017159143
40 40 0.09021985017159143
40 40 0.09021985017159143
40 48 0.9097801498284097
48 40 0.00894680035228246
41 15 0.08698912187319542
15 41 0.09357056594788461
41 34 0.008946800352282484
34 41 0.9097801498284073
41 41 0.09021985017159143
41 41 0.09021985017159143
41 48 0.7869815215965651
48 41 0.010342836701516691
41 79 0.00993169309005426
79 41 0.8195602996568166
41 84 0.01693101291631195
84 41 0.4807521797554357
42 42 0.09021985017159143
42 42 0.09021985017159143
42 48 0.8016666989522531
48 42 0.010153373435147762
42 107 0.09021985017159141
107 42 0.09021985017159144
42 118 0.01789360070456496
118 42 0.4548900749142038
43 43 0.09021985017159143
43 43 0.09021985017159143
43 49 0.9097801498284275
49 43 0.008946800352282284
44 44 0.09021985017159143
44 44 0.09021985017159143
44 45 0.17331378101269468
45 44 0.046964651728348156
44 56 0.16838971253064355
56 44 0.04833799667840847
44 64 0.17661793790371258
64 44 0.046086040079473194
44 85 0.1660119101032866
85 44 0.04903034583434543
44 94 0.1654592735059623
94 44 0.04919410796694387
44 128 0.022965568278787086
128 44 0.35442716967308135
44 129 0.009035657227519327
129 44 0.9008333494761264
44 153 0.01262330277949074
153 44 0.6448091681844916
44 166 0.015363006486310296
166 44 0.5298195618310438
45 44 0.046964651728348156
44 45 0.17331378101269468
45 45 0.09021985017159143
45 45 0.09021985017159143
45 48 0.7966165986945156
48 45 0.01021774010022325
45 74 0.04482899743619141
74 45 0.18157045284294301
45 159 0.02136990196935503
159 45 0.3808918438960003
46 46 0.09021985017159143
46 46 0.09021985017159143
46 48 0.9097801498284093
48 46 0.008946800352282463
47 47 0.09021985017159141
47 47 0.09021985017159141
47 48 0.9097801498284098
48 47 0.008946800352282458
48 0 0.01128735638350522
0 48 0.7211273471332261
48 3 0.009155425127503395
3 48 0.8890489793349453
48 4 0.008946800352282456
4 48 0.90978014982841
48 10 0.010385690429907647
10 48 0.7837342562748412
48 11 0.008946800352282453
11 48 0.9097801498284105
48 13 0.00894680035228246
13 48 0.9097801498284097
48 15 0.009972464824887258
15 48 0.8162095838805254
48 16 0.00912629680644972
16 48 0.8918865491238446
48 17 0.010033350581983545
17 48 0.8112565486947474
48 19 0.009035657227519315
19 48 0.9008333494761275
48 20 0.008946800352282461
20 48 0.9097801498284095
48 21 0.009077489980421934
21 48 0.8966819442973447
48 22 0.011950039510463932
22 48 0.6811376111231287
48 23 0.009230049122409231
23 48 0.8818611100587294
48 24 0.008946800352282467
24 48 0.9097801498284088
48 27 0.009100867304662535
27 48 0.8943786446391031
48 28 0.011743737458988669
28 48 0.6931031448386417
48 29 0.010111387460722116
29 48 0.8049954960783497
48 32 0.009036548579366085
32 48 0.9007444926008908
48 33 0.010455230956878881
33 48 0.7785214309043119
48 36 0.011730027093062723
36 48 0.6939132621269284
48 37 0.008946800352282458
37 48 0.9097801498284098
48 38 0.010575426361514274
38 48 0.7696731164055791
48 40 0.00894680035228246
40 48 0.9097801498284097
48 41 0.010342836701516691
41 48 0.7869815215965651
48 42 0.010153373435147762
42 48 0.8016666989522531
48 45 0.01021774010022325
45 48 0.7966165986945156
48 46 0.008946800352282463
46 48 0.9097801498284093
48 47 0.008946800352282458
47 48 0.9097801498284098
48 48 0.09021985017159143
48 48 0.09021985017159143
48 52 0.011287356383505224
52 48 0.7211273471332258
48 53 0.010837443821148901
53 48 0.7510646882524283
48 54 0.00948707933168017
54 48 0.857969147343777
48 56 0.009927440900175135
56 48 0.819911339370533
48 57 0.008946800352282463
57 48 0.9097801498284093
48 58 0.014509818270798489
58 48 0.5609733501187727
48 59 0.009881153775483277
59 48 0.8237521194316504
48 64 0.010412537168093518
64 48 0.7817135471963678
48 65 0.008946800352282458
65 48 0.9097801498284098
48 66 0.009450274784916507
66 48 0.8613105491891069
48 67 0.00894680035228246
67 48 0.9097801498284097
48 68 0.009466350740501872
68 48 0.8598478535301842
48 69 0.008946800352282465
69 48 0.9097801498284092
48 70 0.008946800352282456
70 48 0.90978014982841
48 73 0.010562347322961359
73 48 0.7706261795888667
48 76 0.008946800352282461
76 48 0.9097801498284095
48 77 0.009993148741729664
77 48 0.8145201853140394
48 78 0.008946800352282458
78 48 0.9097801498284098
48 82 0.00894680035228246
82 48 0.9097801498284097
48 83 0.008946800352282451
83 48 0.9097801498284106
48 85 0.009787257199430452
85 48 0.8316549978331081
48 86 0.009035657227519317
86 48 0.9008333494761274
48 87 0.008946800352282461
87 48 0.9097801498284095
48 89 0.01016802705768374
89 48 0.8005113793273675
48 91 0.009044652643659246
91 48 0.8999374200059178
48 93 0.008946800352282453
93 48 0.9097801498284105
48 94 0.00975467642548197
94 48 0.8344327387140609
48 96 0.009931693090054244
96 48 0.819560299656818
48 102 0.008946800352282454
102 48 0.9097801498284102
48 105 0.008946800352282463
105 48 0.9097801498284093
48 106 0.010420953462654257
106 48 0.7810822103902968
48 107 0.01015337343514776
107 48 0.8016666989522532
48 109 0.008946800352282463
109 48 0.9097801498284093
48 110 0.008946800352282446
110 48 0.9097801498284112
48 112 0.01042533925114505
112 48 0.7807536204723893
48 116 0.008946800352282461
116 48 0.9097801498284095
48 117 0.008946800352282461
117 48 0.9097801498284095
48 120 0.009035657227519308
120 48 0.9008333494761283
48 123 0.010385690429907652
123 48 0.7837342562748407
48 130 0.010131845744163127
130 48 0.803370044364678
48 131 0.008946800352282461
131 48 0.9097801498284095
48 132 0.010078822185547407
132 48 0.8075964845035434
48 136 0.008946800352282465
136 48 0.9097801498284092
48 140 0.008946800352282463
140 48 0.9097801498284093
48 143 0.008946800352282463
143 48 0.9097801498284093
48 145 0.008946800352282456
145 48 0.90978014982841
48 146 0.01231489315157699
146 48 0.6609575304307111
48 148 0.008946800352282454
148 48 0.9097801498284102
48 149 0.008946800352282458
149 48 0.9097801498284098
48 151 0.008946800352282461
151 48 0.9097801498284095
48 152 0.009520244058251987
152 48 0.8549803256282194
48 155 0.010551414048166341
155 48 0.7714246951003628
48 157 0.008946800352282458
157 48 0.9097801498284098
48 158 0.008946800352282461
158 48 0.9097801498284095
48 160 0.008946800352282456
160 48 0.90978014982841
48 162 0.00894680035228246
162 48 0.9097801498284097
48 163 0.00894680035228246
163 48 0.9097801498284097
48 171 0.00894680035228246
171 48 0.9097801498284097
48 172 0.01095681082260114
172 48 0.7428823493232553
48 174 0.01045669356648729
174 48 0.7784125367382972
48 175 0.00903565722751931
175 48 0.900833349476128
48 176 0.008946800352282465
176 48 0.9097801498284092
48 177 0.010235665863568166
177 48 0.7952214807984093
48 180 0.008946800352282463
180 48 0.9097801498284093
48 181 0.014053564226331767
181 48 0.5791855527819361
49 26 0.08941267118429333
26 49 0.0910343160222491
49 43 0.008946800352282284
43 49 0.9097801498284275
49 49 0.09021985017159143
49 49 0.09021985017159143
49 58 0.7205412207055799
58 49 0.011296538117574724
49 161 0.09087945758625235
161 49 0.08956503021883917
50 6 0.42304544046751147
6 50 0.019240536799047483
50 50 0.09021985017159143
50 50 0.09021985017159143
50 168 0.486734709360905
168 50 0.016722911287078607
51 51 0.09021985017159143
51 51 0.09021985017159143
51 126 0.9097801498284341
126 51 0.008946800352282219
52 0 0.0902198501715914
0 52 0.09021985017159145
52 48 0.7211273471332258
48 52 0.011287356383505224
52 52 0.09021985017159143
52 52 0.09021985017159143
52 146 0.09843295252359203
146 52 0.08269203713089406
53 48 0.7510646882524283
48 53 0.010837443821148901
53 53 0.09021985017159143
53 53 0.09021985017159143
53 72 0.021173310212253833
72 53 0.3844283809847401
53 115 0.020548653653298228
115 53 0.39611458260565546
53 181 0.1169934977104292
181 53 0.06957327991963105
54 48 0.857969147343777
48 54 0.00948707933168017
54 54 0.09021985017159143
54 54 0.09021985017159143
54 88 0.04286420213235062
88 54 0.18989321998463704
54 108 0.008946800352282494
108 54 0.9097801498284063
55 55 0.09021985017159143
55 55 0.09021985017159143
55 72 0.9097801498283974
72 55 0.008946800352282581
56 14 0.019863499253028084
14 56 0.4097778171559356
56 44 0.04833799667840847
44 56 0.16838971253064355
56 48 0.819911339370533
48 56 0.009927440900175135
56 56 0.09021985017159143
56 56 0.09021985017159143
56 60 0.021667314526441064
60 56 0.37566359942998284
57 48 0.9097801498284093
48 57 0.008946800352282463
57 57 0.09021985017159143
57 57 0.09021985017159143
58 1 0.01631523293404527
1 58 0.4988970367685846
58 10 0.06457664851671745
10 58 0.126045893553569
58 26 0.01119547024636483
26 58 0.7270459557183263
58 36 0.07293553007308538
36 58 0.11160022223500754
58 48 0.5609733501187727
48 58 0.014509818270798489
58 49 0.011296538117574724
49 58 0.7205412207055799
58 58 0.09021985017159143
58 58 0.09021985017159143
58 123 0.06457664851671747
123 58 0.1260458935535689
58 133 0.00914867123813382
133 58 0.8897053083574085
58 161 0.011379128371140655
161 58 0.7153114983418085
58 181 0.08738293169585748
181 58 0.09314887023148798
59 48 0.8237521194316504
48 59 0.009881153775483277
59 59 0.09021985017159143
59 59 0.09021985017159143
59 63 0.008946800352282475
63 59 0.9097801498284079
59 88 0.041154716884152065
88 59 0.19778100740911242
59 142 0.008946800352282454
142 59 0.9097801498284102
59 150 0.02697971280804171
150 59 0.301694144148127
60 12 0.07960897682777952
12 60 0.10224501920924181
60 56 0.37566359942998284
56 60 0.021667314526441064
60 60 0.09021985017159143
60 60 0.09021985017159143
60 124 0.008946800352282371
124 60 0.9097801498284188
60 156 0.049869760517026934
156 60 0.16321757475064091
60 174 0.3956910127013358
174 60 0.020570650087340048
61 6 0.09776756933144198
6 61 0.08325481977965783
61 14 0.1246649069637368
14 61 0.06529200208164516
61 61 0.09021985017159141
61 61 0.09021985017159141
61 132 0.5748612479831192
132 61 0.014159279988939913
61 168 0.1124864255501084
168 61 0.07236092110828532
62 23 0.9097801498284067
23 62 0.00894680035228249
62 62 0.09021985017159143
62 62 0.09021985017159143
63 59 0.9097801498284079
59 63 0.008946800352282475
63 63 0.09021985017159141
63 63 0.09021985017159141
64 31 0.02822201300203153
31 64 0.28841391875195027
64 44 0.046086040079473194
44 64 0.17661793790371258
64 48 0.7817135471963678
48 64 0.010412537168093518
64 64 0.09021985017159143
64 64 0.09021985017159143
64 74 0.04399033946886213
74 64 0.18503201983121562
64 167 0.0097682100816757
167 64 0.8332766491430827
65 48 0.9097801498284098
48 65 0.008946800352282458
65 65 0.09021985017159141
65 65 0.09021985017159141
66 48 0.8613105491891069
48 66 0.009450274784916507
66 66 0.09021985017159143
66 66 0.09021985017159143
66 74 0.048469600639303015
74 66 0.1679325032107682
67 48 0.9097801498284097
48 67 0.00894680035228246
67 67 0.09021985017159143
67 67 0.09021985017159143
68 12 0.020050247921445812
12 68 0.40596113309293486
68 48 0.8598478535301842
48 68 0.009466350740501872
68 68 0.09021985017159141
68 68 0.09021985017159141
68 135 0.029882048376779807
135 68 0.2723916801938314
69 48 0.9097801498284092
48 69 0.008946800352282465
69 69 0.09021985017159143
69 69 0.09021985017159143
70 48 0.90978014982841
48 70 0.008946800352282456
70 70 0.09021985017159143
70 70 0.09021985017159143
71 71 0.09021985017159141
71 71 0.09021985017159141
71 120 0.9097801498284063
120 71 0.008946800352282493
72 25 0.008946800352282428
25 72 0.9097801498284128
72 53 0.3844283809847401
53 72 0.021173310212253833
72 55 0.008946800352282581
55 72 0.9097801498283974
72 72 0.09021985017159141
72 72 0.09021985017159141
72 95 0.008946800352282605
95 72 0.9097801498283948
72 181 0.49851136778682203
181 72 0.016327855072033468
73 48 0.7706261795888667
48 73 0.010562347322961359
73 73 0.09021985017159143
73 73 0.09021985017159143
73 99 0.01016657473279174
99 73 0.8006257347157931
73 179 0.00894680035228245
179 73 0.9097801498284107
73 181 0.12004059515446856
181 73 0.06780723933024757
74 5 0.015001203656203816
5 74 0.5425978842449904
74 9 0.05024902497498809
9 74 0.16198565781198693
74 31 0.057880566854599226
31 74 0.140627879222949
74 45 0.18157045284294301
45 74 0.04482899743619141
74 64 0.18503201983121562
64 74 0.04399033946886213
74 66 0.1679325032107682
66 74 0.048469600639303015
74 74 0.09021985017159143
74 74 0.09021985017159143
74 101 0.016303373211279216
101 74 0.49925995433590054
74 114 0.008946800352282363
114 74 0.9097801498284196
74 122 0.01698787223969499
122 74 0.47914307631563324
74 128 0.024059648389238412
128 74 0.33831007142336955
74 174 0.1858166842651931
174 74 0.04380457759846653
75 6 0.047049616453259474
6 75 0.17300080167647178
75 28 0.3223449369506201
28 75 0.0252512772249043
75 75 0.09021985017159143
75 75 0.09021985017159143
75 103 0.040912668063004934
103 75 0.19895112566233772
75 111 0.008946800352282427
111 75 0.9097801498284132
75 127 0.08123578332432341
127 75 0.10019748726356234
75 132 0.276645941147987
132 75 0.029422522272359145
75 134 0.07851149203548329
134 75 0.10367426670869662
75 168 0.054132911501448985
168 75 0.1503636353416263
76 48 0.9097801498284095
48 76 0.008946800352282461
76 76 0.09021985017159143
76 76 0.09021985017159143
77 48 0.8145201853140394
48 77 0.009993148741729664
77 77 0.09021985017159143
77 77 0.09021985017159143
77 155 0.09525996451437031
155 77 0.08544640349678603
78 48 0.9097801498284098
48 78 0.008946800352282458
78 78 0.09021985017159141
78 78 0.09021985017159141
79 41 0.8195602996568166
41 79 0.00993169309005426
79 79 0.18043970034318285
79 79 0.18043970034318285
80 30 0.13214316899742948
30 80 0.061596989286239544
80 80 0.09021985017159143
80 80 0.09021985017159143
80 88 0.3833769918628938
88 80 0.021231376785113273
80 150 0.2513296632992967
150 80 0.03238623431127313
80 164 0.14293032566878672
164 80 0.056948176161344496
81 81 0.09021985017159143
81 81 0.09021985017159143
81 150 0.5001392353634374
150 81 0.016274710699450655
81 159 0.40964091446495254
159 81 0.01987013766829388
82 48 0.9097801498284097
48 82 0.00894680035228246
82 82 0.09021985017159143
82 82 0.09021985017159143
83 48 0.9097801498284106
48 83 0.008946800352282451
83 83 0.09021985017159143
83 83 0.09021985017159143
84 23 0.42902797007297633
23 84 0.01897223941739715
84 41 0.4807521797554357
41 84 0.01693101291631195
84 84 0.09021985017159143
84 84 0.09021985017159143
85 14 0.020148005808673805
14 85 0.40399141444957604
85 44 0.04903034583434543
44 85 0.1660119101032866
85 48 0.8316549978331081
48 85 0.009787257199430452
85 85 0.09021985017159143
85 85 0.09021985017159143
85 165 0.008946800352282475
165 85 0.9097801498284082
86 48 0.9008333494761274
48 86 0.009035657227519317
86 86 0.09021985017159143
86 86 0.09021985017159143
86 92 0.008946800352282472
92 86 0.9097801498284085
87 48 0.9097801498284095
48 87 0.008946800352282461
87 87 0.09021985017159143
87 87 0.09021985017159143
88 54 0.18989321998463704
54 88 0.04286420213235062
88 59 0.19778100740911242
59 88 0.041154716884152065
88 80 0.021231376785113273
80 88 0.3833769918628938
88 88 0.09021985017159141
88 88 0.09021985017159141
88 104 0.021231376785113287
104 88 0.3833769918628936
88 150 0.05914524097118546
150 88 0.1376209012141803
88 155 0.21119692572894233
155 88 0.03854043488981031
88 174 0.20930100216430347
174 88 0.03888954797547848
89 48 0.8005113793273675
48 89 0.01016802705768374
89 89 0.09021985017159143
89 89 0.09021985017159143
89 146 0.10926877050104232
146 89 0.07449174478362745
90 90 0.09021985017159143
90 90 0.09021985017159143
90 133 0.4054637929142565
133 90 0.02007484147100082
90 161 0.5043163569141501
161 90 0.016139911492837056
91 48 0.8999374200059178
48 91 0.009044652643659246
91 91 0.09021985017159143
91 91 0.09021985017159143
91 119 0.00984272982249206
119 91 0.8269678749470695
92 86 0.9097801498284085
86 92 0.008946800352282472
92 92 0.09021985017159143
92 92 0.09021985017159143
93 48 0.9097801498284105
48 93 0.008946800352282453
93 93 0.09021985017159143
93 93 0.09021985017159143
94 9 0.02615330314740522
9 94 0.31122727860063715
94 44 0.04919410796694387
44 94 0.1654592735059623
94 48 0.8344327387140609
48 94 0.00975467642548197
94 94 0.09021985017159143
94 94 0.09021985017159143
95 72 0.9097801498283948
72 95 0.008946800352282605
95 95 0.09021985017159143
95 95 0.09021985017159143
96 48 0.819560299656818
48 96 0.009931693090054244
96 96 0.18043970034318285
96 96 0.18043970034318285
97 12 0.9097801498284303
12 97 0.008946800352282257
97 97 0.09021985017159143
97 97 0.09021985017159143
98 98 0.09021985017159143
98 98 0.09021985017159143
98 177 0.9097801498284104
177 98 0.008946800352282454
99 73 0.8006257347157931
73 99 0.01016657473279174
99 99 0.09021985017159141
99 99 0.09021985017159141
99 113 0.1001187578850959
113 99 0.08129966388842008
99 170 0.009035657227519488
170 99 0.9008333494761103
100 100 0.09021985017159141
100 100 0.09021985017159141
100 141 0.9097801498283719
141 100 0.008946800352282833
101 31 0.3203003453209294
31 101 0.02541246515619207
101 74 0.49925995433590054
74 101 0.016303373211279216
101 101 0.18043970034318285
101 101 0.18043970034318285
102 48 0.9097801498284102
48 102 0.008946800352282454
102 102 0.09021985017159143
102 102 0.09021985017159143
103 28 0.7108290241660674
28 103 0.011450884936126057
103 75 0.19895112566233772
75 103 0.040912668063004934
103 103 0.09021985017159144
103 103 0.09021985017159144
104 30 0.1321431689974294
30 104 0.061596989286239585
104 88 0.3833769918628936
88 104 0.021231376785113287
104 104 0.09021985017159143
104 104 0.09021985017159143
104 150 0.2513296632992965
150 104 0.03238623431127315
104 164 0.14293032566878663
164 104 0.05694817616134453
105 48 0.9097801498284093
48 105 0.008946800352282463
105 105 0.09021985017159143
105 105 0.09021985017159143
106 36 0.10155321109890827
36 106 0.08015129484243269
106 48 0.7810822103902968
48 106 0.010420953462654257
106 106 0.09021985017159143
106 106 0.09021985017159143
106 135 0.027144728339204498
135 106 0.29986011513066196
107 42 0.09021985017159144
42 107 0.09021985017159141
107 48 0.8016666989522532
48 107 0.01015337343514776
107 107 0.09021985017159143
107 107 0.09021985017159143
107 118 0.017893600704564964
118 107 0.4548900749142037
108 54 0.9097801498284063
54 108 0.008946800352282494
108 108 0.09021985017159143
108 108 0.09021985017159143
109 48 0.9097801498284093
48 109 0.008946800352282463
109 109 0.09021985017159143
109 109 0.09021985017159143
110 48 0.9097801498284112
48 110 0.008946800352282446
110 110 0.09021985017159143
110 110 0.09021985017159143
111 75 0.9097801498284132
75 111 0.008946800352282427
111 111 0.09021985017159143
111 111 0.09021985017159143
112 22 0.10341445474402562
22 112 0.07870873936464516
112 48 0.7807536204723893
48 112 0.01042533925114505
112 112 0.09021985017159143
112 112 0.09021985017159143
112 127 0.02561207461199419
127 112 0.31780406266552896
113 30 0.10612057562620429
30 113 0.07670163224194286
113 38 0.7223599103137825
38 113 0.011268096760032922
113 99 0.08129966388842008
99 113 0.1001187578850959
113 113 0.09021985017159143
113 113 0.09021985017159143
114 74 0.9097801498284196
74 114 0.008946800352282363
114 114 0.09021985017159141
114 114 0.09021985017159141
115 53 0.39611458260565546
53 115 0.020548653653298228
115 115 0.09021985017159143
115 115 0.09021985017159143
115 181 0.5136655672227538
181 115 0.015846149487872163
116 48 0.9097801498284095
48 116 0.008946800352282461
116 116 0.09021985017159143
116 116 0.09021985017159143
117 48 0.9097801498284095
48 117 0.008946800352282461
117 117 0.09021985017159143
117 117 0.09021985017159143
118 42 0.4548900749142038
42 118 0.01789360070456496
118 107 0.4548900749142037
107 118 0.017893600704564964
118 118 0.09021985017159141
118 118 0.09021985017159141
119 91 0.8269678749470695
91 119 0.00984272982249206
119 119 0.09021985017159143
119 119 0.09021985017159143
119 166 0.08281227488133976
166 119 0.09829003461923398
120 48 0.9008333494761283
48 120 0.009035657227519308
120 71 0.008946800352282493
71 120 0.9097801498284063
120 120 0.09021985017159143
120 120 0.09021985017159143
121 121 0.09021985017159143
121 121 0.09021985017159143
121 159 0.9097801498283823
159 121 0.00894680035228273
122 31 0.307394357326676
31 122 0.026479410473804553
122 74 0.47914307631563324
74 122 0.01698787223969499
122 122 0.09021985017159141
122 122 0.09021985017159141
122 147 0.016847305622294237
147 122 0.483140838509699
122 167 0.10639541056382172
167 122 0.07650350068532157
123 48 0.7837342562748407
48 123 0.010385690429907652
123 58 0.1260458935535689
58 123 0.06457664851671747
123 123 0.09021985017159143
123 123 0.09021985017159143
124 60 0.9097801498284188
60 124 0.008946800352282371
124 124 0.09021985017159143
124 124 0.09021985017159143
125 16 0.9097801498284107
16 125 0.008946800352282451
125 125 0.09021985017159143
125 125 0.09021985017159143
126 22 0.9008333494761217
22 126 0.009035657227519374
126 51 0.008946800352282219
51 126 0.9097801498284341
126 126 0.09021985017159143
126 126 0.09021985017159143
127 22 0.3642827359332124
22 127 0.022344241332580533
127 75 0.10019748726356234
75 127 0.08123578332432341
127 112 0.31780406266552896
112 127 0.02561207461199419
127 127 0.09021985017159143
127 127 0.09021985017159143
127 144 0.053718263091871624
144 127 0.15152428422831957
127 159 0.07377760087423117
159 127 0.11032645773966052
128 31 0.21704290873196838
31 128 0.03750236030533586
128 44 0.35442716967308135
44 128 0.022965568278787086
128 74 0.33831007142336955
74 128 0.024059648389238412
128 128 0.09021985017159143
128 128 0.09021985017159143
129 44 0.9008333494761264
44 129 0.009035657227519327
129 129 0.09021985017159143
129 129 0.09021985017159143
129 178 0.008946800352282748
178 129 0.9097801498283805
130 22 0.10641010546373113
22 130 0.07649293579319605
130 48 0.803370044364678
48 130 0.010131845744163127
130 130 0.09021985017159143
130 130 0.09021985017159143
131 48 0.9097801498284095
48 131 0.008946800352282461
131 131 0.09021985017159143
131 131 0.09021985017159143
132 6 0.01534383381671674
6 132 0.5304815903386859
132 48 0.8075964845035434
48 132 0.010078822185547407
132 61 0.014159279988939913
61 132 0.5748612479831192
132 75 0.029422522272359145
75 132 0.276645941147987
132 132 0.09021985017159143
132 132 0.09021985017159143
132 134 0.025604189307083698
134 132 0.3179019365683444
132 168 0.017653839939766932
168 132 0.461068039177649
133 58 0.8897053083574085
58 133 0.00914867123813382
133 90 0.02007484147100082
90 133 0.4054637929142565
133 133 0.09021985017159143
133 133 0.09021985017159143
134 28 0.37041598830031724
28 134 0.02197427114940069
134 75 0.10367426670869662
75 134 0.07851149203548329
134 132 0.3179019365683444
132 134 0.025604189307083698
134 134 0.09021985017159143
134 134 0.09021985017159143
134 144 0.05558224748955276
144 134 0.14644282540957573
134 168 0.06220571076149568
168 134 0.13085006610072683
135 36 0.33752835450391555
36 135 0.024115370624040355
135 68 0.2723916801938314
68 135 0.029882048376779807
135 106 0.29986011513066196
106 135 0.027144728339204498
135 135 0.09021985017159141
135 135 0.09021985017159141
136 48 0.9097801498284092
48 136 0.008946800352282465
136 136 0.09021985017159143
136 136 0.09021985017159143
137 137 0.09021985017159143
137 137 0.09021985017159143
137 170 0.9097801498286189
170 137 0.008946800352280402
138 19 0.9097801498284092
19 138 0.008946800352282463
138 138 0.09021985017159141
138 138 0.09021985017159141
139 139 0.09021985017159143
139 139 0.09021985017159143
139 154 0.9097801498284371
154 139 0.008946800352282189
140 48 0.9097801498284093
48 140 0.008946800352282463
140 140 0.09021985017159143
140 140 0.09021985017159143
141 33 0.90083334947613
33 141 0.00903565722751929
141 100 0.008946800352282833
100 141 0.9097801498283719
141 141 0.09021985017159143
141 141 0.09021985017159143
142 59 0.9097801498284102
59 142 0.008946800352282454
142 142 0.09021985017159143
142 142 0.09021985017159143
143 48 0.9097801498284093
48 143 0.008946800352282463
143 143 0.09021985017159143
143 143 0.09021985017159143
144 22 0.6118130401905134
22 144 0.0133040991778302
144 127 0.15152428422831957
127 144 0.053718263091871624
144 134 0.14644282540957573
134 144 0.05558224748955276
144 144 0.09021985017159143
144 144 0.09021985017159143
145 48 0.90978014982841
48 145 0.008946800352282456
145 145 0.09021985017159143
145 145 0.09021985017159143
146 0 0.08269203713089403
0 146 0.09843295252359206
146 48 0.6609575304307111
48 146 0.01231489315157699
146 52 0.08269203713089406
52 146 0.09843295252359203
146 89 0.07449174478362745
89 146 0.10926877050104232
146 146 0.09021985017159143
146 146 0.09021985017159143
146 169 0.008946800352282486
169 146 0.9097801498284069
147 5 0.426639311318673
5 147 0.019078460772464105
147 122 0.483140838509699
122 147 0.016847305622294237
147 147 0.09021985017159143
147 147 0.09021985017159143
148 48 0.9097801498284102
48 148 0.008946800352282454
148 148 0.09021985017159143
148 148 0.09021985017159143
149 48 0.9097801498284098
48 149 0.008946800352282458
149 149 0.09021985017159141
149 149 0.09021985017159141
150 30 0.04743545489873235
30 150 0.17159361878917972
150 59 0.301694144148127
59 150 0.02697971280804171
150 80 0.03238623431127313
80 150 0.2513296632992967
150 81 0.016274710699450655
81 150 0.5001392353634374
150 88 0.1376209012141803
88 150 0.05914524097118546
150 104 0.03238623431127315
104 150 0.2513296632992965
150 150 0.09021985017159143
150 150 0.09021985017159143
150 152 0.2906747479592937
152 150 0.028002505969745548
150 164 0.05130772228608159
164 150 0.15864320227663792
151 48 0.9097801498284095
48 151 0.008946800352282461
151 151 0.09021985017159143
151 151 0.09021985017159143
152 9 0.026797318230444515
9 152 0.30374760992825606
152 48 0.8549803256282194
48 152 0.009520244058251987
152 150 0.028002505969745548
150 152 0.2906747479592937
152 152 0.09021985017159143
152 152 0.09021985017159143
153 14 0.26497098164391736
14 153 0.03071891614125081
153 44 0.6448091681844916
44 153 0.01262330277949074
153 153 0.09021985017159143
153 153 0.09021985017159143
154 32 0.9008333494761261
32 154 0.009035657227519329
154 139 0.008946800352282189
139 154 0.9097801498284371
154 154 0.09021985017159143
154 154 0.09021985017159143
155 48 0.7714246951003628
48 155 0.010551414048166341
155 77 0.08544640349678603
77 155 0.09525996451437031
155 88 0.03854043488981031
88 155 0.21119692572894233
155 155 0.09021985017159143
155 155 0.09021985017159143
155 164 0.014368616341450357
164 155 0.5664860952201329
156 18 0.010091972992812106
18 156 0.8065441089449763
156 21 0.6214302673507004
21 156 0.013098205531065417
156 60 0.16321757475064091
60 156 0.049869760517026934
156 156 0.09021985017159143
156 156 0.09021985017159143
156 164 0.11504033473425875
164 156 0.07075450000894726
157 48 0.9097801498284098
48 157 0.008946800352282458
157 157 0.09021985017159141
157 157 0.09021985017159141
158 48 0.9097801498284095
48 158 0.008946800352282461
158 158 0.09021985017159143
158 158 0.09021985017159143
159 33 0.38974491017217494
33 159 0.020884484062636304
159 45 0.3808918438960003
45 159 0.02136990196935503
159 81 0.01987013766829388
81 159 0.40964091446495254
159 121 0.00894680035228273
121 159 0.9097801498283823
159 127 0.11032645773966052
127 159 0.07377760087423117
159 159 0.09021985017159143
159 159 0.09021985017159143
160 48 0.90978014982841
48 160 0.008946800352282456
160 160 0.09021985017159143
160 160 0.09021985017159143
161 26 0.08876370977492505
26 161 0.09169987808783285
161 49 0.08956503021883917
49 161 0.09087945758625235
161 58 0.7153114983418085
58 161 0.011379128371140655
161 90 0.016139911492837056
90 161 0.5043163569141501
161 161 0.09021985017159143
161 161 0.09021985017159143
162 48 0.9097801498284097
48 162 0.00894680035228246
162 162 0.09021985017159143
162 162 0.09021985017159143
163 48 0.9097801498284097
48 163 0.00894680035228246
163 163 0.09021985017159143
163 163 0.09021985017159143
164 80 0.056948176161344496
80 164 0.14293032566878672
164 104 0.05694817616134453
104 164 0.14293032566878663
164 150 0.15864320227663792
150 164 0.05130772228608159
164 155 0.5664860952201329
155 164 0.014368616341450357
164 156 0.07075450000894726
156 164 0.11504033473425875
164 164 0.09021985017159143
164 164 0.09021985017159143
165 85 0.9097801498284082
85 165 0.008946800352282475
165 165 0.09021985017159143
165 165 0.09021985017159143
166 9 0.2816705533781328
9 166 0.02889766525951774
166 44 0.5298195618310438
44 166 0.015363006486310296
166 119 0.09829003461923398
119 166 0.08281227488133976
166 166 0.09021985017159143
166 166 0.09021985017159143
167 64 0.8332766491430827
64 167 0.0097682100816757
167 122 0.07650350068532157
122 167 0.10639541056382172
167 167 0.09021985017159143
167 167 0.09021985017159143
168 6 0.07841457681304081
6 168 0.10380240123454619
168 50 0.016722911287078607
50 168 0.486734709360905
168 61 0.07236092110828532
61 168 0.1124864255501084
168 75 0.1503636353416263
75 168 0.054132911501448985
168 132 0.461068039177649
132 168 0.017653839939766932
168 134 0.13085006610072683
134 168 0.06220571076149568
168 168 0.09021985017159143
168 168 0.09021985017159143
169 146 0.9097801498284069
146 169 0.008946800352282486
169 169 0.09021985017159143
169 169 0.09021985017159143
170 99 0.9008333494761103
99 170 0.009035657227519488
170 137 0.008946800352280402
137 170 0.9097801498286189
170 170 0.09021985017159141
170 170 0.09021985017159141
171 48 0.9097801498284097
48 171 0.00894680035228246
171 171 0.09021985017159143
171 171 0.09021985017159143
172 17 0.08261595466797603
17 172 0.09852360113366242
172 48 0.7428823493232553
48 172 0.01095681082260114
172 172 0.09021985017159143
172 172 0.09021985017159143
172 177 0.084281845837178
177 172 0.09657621145019933
173 18 0.07884476482562877
18 173 0.10323604088344739
173 30 0.8309353850027796
30 173 0.009795733232563176
173 173 0.09021985017159143
173 173 0.09021985017159143
174 31 0.02810283742882875
31 174 0.28963699432835677
174 48 0.7784125367382972
48 174 0.01045669356648729
174 60 0.020570650087340048
60 174 0.3956910127013358
174 74 0.04380457759846653
74 174 0.1858166842651931
174 88 0.03888954797547848
88 174 0.20930100216430347
174 174 0.09021985017159143
174 174 0.09021985017159143
175 8 0.008946800352282465
8 175 0.9097801498284092
175 48 0.900833349476128
48 175 0.00903565722751931
175 175 0.09021985017159141
175 175 0.09021985017159141
176 48 0.9097801498284092
48 176 0.008946800352282465
176 176 0.09021985017159143
176 176 0.09021985017159143
177 7 0.009035657227519334
7 177 0.9008333494761257
177 48 0.7952214807984093
48 177 0.010235665863568166
177 98 0.008946800352282454
98 177 0.9097801498284104
177 172 0.09657621145019933
172 177 0.084281845837178
177 177 0.09021985017159143
177 177 0.09021985017159143
178 129 0.9097801498283805
129 178 0.008946800352282748
178 178 0.09021985017159143
178 178 0.09021985017159143
179 73 0.9097801498284107
73 179 0.00894680035228245
179 179 0.09021985017159141
179 179 0.09021985017159141
180 48 0.9097801498284093
48 180 0.008946800352282463
180 180 0.09021985017159143
180 180 0.09021985017159143
181 38 0.06789120300520068
38 181 0.11989213631051558
181 48 0.5791855527819361
48 181 0.014053564226331767
181 53 0.06957327991963105
53 181 0.1169934977104292
181 58 0.09314887023148798
58 181 0.08738293169585748
181 72 0.016327855072033468
72 181 0.49851136778682203
181 73 0.06780723933024757
73 181 0.12004059515446856
181 115 0.015846149487872163
115 181 0.5136655672227538
181 181 0.09021985017159143
181 181 0.09021985017159143
182 7 0.9097801498284164
7 182 0.008946800352282394
182 182 0.09021985017159143
182 182 0.09021985017159143
